25444981
25424361
25436609
25422913
25439240
25426619
27514406
27506388
27495988
25090714
25074438
25072932
25070816
25075023
25077978
25078331
25082024
25092778
25080447
10738217
10725639
10728389
10735605
10738227
10748446
24768807
24749959
24766284
19543119
19560836
19565930
26553138
26546875
26550164
26546618
26536055
26550140
26527653
26544895
18555493
18544621
18559621
18567547
18547962
18571704
18565182
18552690
18559375
18567082
12753988
12782800
16397025
16397925
16391298
16374068
26861461
26859150
26861252
16551852
16549822
16545436
16549753
16546908
15370971
15372201
15365767
15385108
15555445
15569402
8363400
17289876
17291532
17275163
17276372
24595168
24610445
24594405
24607493
24613274
24613681
7882283
22799377
22771507
22782351
19276636
19273710
19265549
19267931
8615719
8622078
8625105
8627854
8630877
8619214
25981919
25982144
25980437
25966993
16647569
16640786
16645325
16638854
16624733
16647279
19099573
19087264
19103993
19107196
19088039
19088023
22897442
22889954
22907263
22898080
22885065
22882854
22906635
11299740
11286825
11304728
21887232
12530024
12530099
12548606
12553053
12530065
12527620
12552972
19846973
19845689
19854077
19851988
19847292
18433491
18423915
18410999
18426563
18436805
7940194
17308999
17300721
17303011
17302609
17311703
17317843
10414702
20226097
10216509
10228869
10231398
10223504
10222219
10231419
10216526
8751397
21364961
21386086
21378327
21364872
21364938
21382167
21366897
21367750
21385555
12176791
20597837
20581467
20591158
17109072
17121900
17121884
17121882
17107669
17127703
17122210
22335944
22342966
22320862
22324515
22348537
26818545
26819918
26827989
23466962
23476055
23469190
23482751
15020343
15028303
15015609
15014022
11568584
11591848
11597556
11597326
11595699
17534123
17543074
20975057
20975835
20975832
20980345
15194536
15172230
15191662
15198801
24978188
24998254
24987057
24988079
24981252
10992361
11923604
11943021
11920544
8389653
8372881
27621856
27647657
27644439
27639846
27647802
27637323
11896074
23575075
23570263
23571737
23558232
23574010
23577315
23569218
11800021
11792380
11801548
12612901
12610817
12599236
17676397
17676485
17683518
11015084
11014540
11022199
11029800
27103403
27119348
27101570
27104832
27100023
27108384
25621169
25626636
25617504
25623255
25619394
25623341
25623214
25622680
25630785
25622979
22481236
22504106
22481618
22493413
22507894
27468214
27464624
27472710
27488395
27488834
27486476
27470512
27466604
27473009
27467457
27465066
9263629
9288118
15538723
15550862
15545517
15541077
15525823
15525476
15534911
15529313
15534883
12818291
12845964
12833464
12842843
12830052
12839645
12821355
20610042
20602465
20613483
20630092
20604962
20633010
20630075
17908972
17908995
17908803
17929165
17927592
17912356
17908957
27579614
27563639
27568664
27578392
27556701
27584665
16470852
16489094
16470921
12712134
12712406
12692043
12694817
23697595
23703249
23696076
23693014
11258845
11281428
11263783
18724031
18708766
18484198
18483381
18486467
18478162
18480613
18493321
14617104
14609169
14666730
14689303
14673037
14675038
14679128
14680497
14675240
8529117
23530749
23555719
23538684
23532889
23551598
23555164
23548416
23530619
24927813
24916697
24909504
24922517
24926850
24921920
24922360
24916103
24927749
24952598
24969229
24955170
24949983
24950741
24941985
24946002
24942805
24956168
17699855
17707275
17703109
9808425
15774934
15746982
15774242
8508400
22641095
22624727
22655088
22622471
25278450
25275062
25287138
25282590
25268087
18043928
18047664
18055986
18037662
18037521
20840860
20855837
20850841
20846458
20835268
9307189
9315550
9317172
24367968
24379680
24366420
24377544
24377598
24385699
24363807
24388414
24372553
24379579
24389029
24382123
24375645
24368280
26603374
26617467
26606860
10866285
10866287
10862014
18307818
18311783
25258367
25257395
25241782
10611156
10608352
10616970
10623697
10622501
10619258
10629631
10604413
10628387
22439757
22447918
22425911
22432063
19073969
19082730
19067706
16675590
16677592
16675567
27824007
27815218
21717448
21723221
21737643
20803320
20819578
20817674
20820782
17645748
17624738
17651710
17650217
17641416
17634542
17649725
11705868
18334025
18343378
18336467
18326020
18336597
18341621
9552053
9558281
9568092
9568504
18400024
18395248
18381936
18386194
18379354
18380827
18381604
26053814
26074062
26055238
26059686
23425061
23408861
23402504
23406775
23404560
23399702
23412097
23079374
23079576
23095717
23090763
23096768
23079474
23079694
23102595
23098467
18953830
18928570
20107511
20118823
20096120
20102718
20105337
20096105
20092796
21824395
21835023
21831953
21811608
21496427
21518433
21508389
21498419
21505452
21511296
21518171
21489314
21503946
12015537
12010891
12037025
12010886
12015762
12036088
12028875
12017307
22270165
22269178
9474235
9453486
23051959
23050783
23074332
23047509
11231350
11241240
11239201
20931558
20937111
20924037
20940029
20940140
20937525
12423550
12419179
12419181
12401821
12417598
12428922
12427123
9863484
9855077
9856783
7609148
26353075
26367194
26342551
26339373
26355571
26343003
12730870
12743425
12749268
12737294
12743143
21479885
21480340
21480320
21459798
21462302
9615738
9610658
19331230
19325714
19336515
19339276
19336448
19341467
15079818
15078907
15080849
15914125
15908567
15910595
15916806
15930346
19572147
19583730
19597886
19584151
22870241
22843461
22859938
22870278
22842735
22861165
22870228
22034008
22032288
22052359
22041919
22053214
22037313
22044687
22056554
17877616
17889401
17873613
17902269
17880527
17903248
17882495
15454014
15450732
16527552
16528528
22174792
22178231
22174876
22166632
22185663
22183962
22178888
23620409
23624503
23640975
23638078
23645290
23644847
11335901
11330579
11325447
11336166
11344337
19885698
19889620
24114858
24129246
24118195
24106286
24113549
24122997
24107801
24128716
16277102
15337550
15350628
15333659
15340841
12060624
12060632
12051866
12052755
12050554
12073053
12060644
15722574
15717928
14581358
18772168
18789941
18775714
18782450
18793956
19826249
19825961
19815839
19823059
19822419
19809407
19828471
19830854
19815609
19821510
19834714
19833883
27436625
27453234
23907235
23898080
24504737
24500492
24498154
24508840
27168162
27180064
27174960
27191893
27175787
20653475
20663147
20656547
20661249
20649584
23328708
23311470
23327547
23317197
23306062
23328527
23328493
27729773
27719740
27744260
27736841
27737491
27724925
27733185
27235712
27246460
27245202
27247954
27248473
27249593
9655287
22353881
22383663
22361172
22365624
22384858
22361634
22356869
22363135
22363587
17575689
17577273
17560675
17573955
17582213
17567834
19501586
19486015
19484134
19500415
19475672
26099856
26088552
26109099
16440412
16457693
16450135
16437603
14981901
14993511
14991492
14981917
14983485
14996096
26192236
26208856
26191131
26206555
22205265
22216266
22208493
22200421
22210468
22192146
22217149
8787447
27075390
27096757
27095518
27095111
15831286
15818671
15837753
15816553
15814658
15841035
15817070
15816548
15816444
25924610
25907958
25899828
25908963
25922718
25912236
18067084
18083315
18074135
18070208
21036719
21036715
21063406
21040630
26121334
26131123
26132882
15263792
15259070
15259066
15236276
15248898
15240522
16211395
16237768
16209708
16225598
18451232
18455580
18467716
18467956
23828241
23846254
23828548
23817020
23841896
23825360
23816816
17081288
17084559
17094395
17102907
17088865
17096161
17105822
21524699
21542995
21524306
21519010
21528083
21520177
23915323
23922113
23917393
23919724
23925644
23933223
23919015
23932335
23915145
23926120
15161025
15160342
15160991
15161699
15141011
15161054
24444383
24433754
24442130
12563356
12576817
12560427
24423919
24403457
24405746
24395596
24423316
24415783
24401554
20705543
20704706
20713149
20724307
20706634
20727180
20699632
20712050
12490072
12473587
23251405
23240061
23249388
23253187
23258843
23256952
23234806
23242809
23262510
21178332
21176152
21184685
21187508
21195876
21186050
11135160
11147595
18283098
18276737
16361543
16354798
16344056
23456389
23430617
23453030
23442362
23436205
23433851
23450231
21199742
21209837
21199790
21211034
19676140
19671842
19702911
19690970
19673894
19356238
19368126
19351403
19375154
25886164
25867275
25889455
25878333
25872416
25889584
25875801
25880782
25886518
25889431
25885658
25880145
25864680
25894383
25886176
25877312
11394648
11380241
11380242
11378265
11408859
11395250
11391854
24714777
24736075
24721904
24744163
24727941
20173470
20187950
20174822
8567335
9586912
9574635
9596481
9588915
27602770
27587435
25531293
25546409
25523932
25547174
25535479
25544361
26281861
26292663
26285571
26279420
26282675
15120697
15127161
15113856
15112277
18664561
18651966
18646041
18639551
18640791
18661375
18646312
18641405
16920621
16920543
9003266
18683215
18677542
18676753
18678400
25497209
25502795
25510921
25502557
25495224
25516654
25487856
25512615
25490274
25514350
9726051
9731886
9743513
9744771
24362251
24335168
24359630
24339722
24347427
24342321
24338950
24362074
24335171
14506148
14508142
14514923
14503938
14506149
16767431
16762487
16773959
16776716
16778101
22691188
22689670
22666745
22675167
22661484
22661514
11078490
27551116
27538498
27527606
27545131
27553040
27550999
27531819
27533080
11966686
11965244
18922183
27671301
27683819
27657825
17998283
17986061
23278424
23267699
23278115
23272171
26018692
11684722
26585673
26558352
26573462
26572163
24820515
24833880
24831244
24814616
24833845
24819053
18620780
18627611
18605998
18630521
18635357
18612383
18609705
18632596
18620777
18617777
18607537
18633110
18606001
17618303
17595763
17592964
17606709
17617120
10765501
10760090
10756939
10760757
10785471
10781373
9718015
9712438
9712551
11836163
11844836
11821981
12893686
12884025
12901728
12912934
12912945
12885834
12884349
25030088
25003726
25025378
25029862
25029614
25017905
25018007
25012639
25023790
24625085
24626331
24632332
24622438
24647794
24637229
25480095
25464386
25456907
25461807
25480405
25466287
25469035
10656367
10656873
10638593
10650784
18021075
18008359
18008077
18006756
22076566
22076005
22092395
22080879
22075440
22092084
22076149
22090360
22090785
22067401
22072733
22067748
22079734
20144199
20149373
20128802
20126411
20137712
9403530
9402172
23744428
23719597
23743335
23740383
23723076
23748663
23738964
23734977
23719263
23723308
23742256
9485488
20422012
20423643
20423485
20413175
20413784
20438408
20425122
20429933
26376479
26381739
26385560
26395002
26388699
19751436
19755996
19760628
19760973
19748810
19737804
19768736
27146783
27133075
27158244
16096788
16110022
16083501
16083495
16080574
16080576
16109171
16098252
12631608
12640657
12637635
12648581
12631589
12648589
22940488
22921303
22927763
25321194
25300797
25313908
25305068
25299233
25315765
25294911
18237383
18225552
18251181
18237807
18225561
18239382
18225575
19627616
19623177
19637078
19609101
19608149
26722360
26722429
26729014
26730200
26730203
26726846
22733594
16401683
16403224
16407418
16428489
16425137
16406939
19796578
19771247
19797907
19784392
27327024
27323394
27314649
27299180
27318148
18980971
18983468
18981301
17473190
17474983
17474988
17486367
17465229
10348818
10331854
10334520
10334237
25038288
25063586
25042259
25043739
25046164
8808919
8823264
27292614
27278204
20032585
20057907
20027663
20032382
20044615
20042072
10525383
10524430
15464472
15274378
15297424
15297421
15274401
15275738
14725909
14701769
26420962
26408696
26408331
26408682
26416809
26431211
26430901
10379729
10383715
10383693
10389864
10381953
7850420
15711252
15709203
15685549
15710230
15865073
15842640
15860933
22695933
22723903
22708734
22728874
22701696
14634775
14654539
14654547
14645347
23027656
23038627
23038158
23028987
23017174
23017148
23015295
23038644
27852141
27863474
27837608
27838786
27864221
12123779
12113656
12121614
10096970
10091756
10091740
10568186
10562812
10570427
10564391
10560359
10567878
14769838
14766249
14769213
21673677
21649900
21652547
19661141
19647960
19664633
19661313
19671129
19661301
21135526
21163271
21159888
21143927
21147505
21152398
21147635
21138557
21163061
21151591
7502427
7509851
7503188
26714124
26688517
26696550
26709110
26683138
26710612
26698867
26683340
24140838
24144362
24152184
24158762
11516808
20016203
20003265
20003459
20003272
19996118
20010944
20015717
20006625
16009172
16020977
16030101
16012945
16033823
10679650
10694560
18820371
18803879
18806741
18817338
18822454
18811981
18830930
27776507
27753907
27770462
11413120
27224059
27219019
27221363
27221859
27207480
27199762
27222586
27228128
22253920
22235338
22244155
22253870
22245200
22248188
22233735
22253878
22251132
22242153
22238194
22251423
22246403
22248729
24009628
24027110
24018803
24015301
23658678
23663243
23661372
23672670
23656786
20539819
20540768
20552031
20549818
20546595
20550649
20564353
15501963
15501968
10068347
24330704
24329038
24323898
24324060
24315958
24314266
24320879
24321497
24318805
24322375
24322890
24316488
10921020
10931232
10919023
10931217
10924967
8293408
25688741
25703056
25684657
25684518
25695693
25680620
25700283
25682924
27035671
27021787
27010918
27020587
24482365
24463355
24460316
24464915
24477928
24458046
24474649
24482641
11107130
11119125
11121656
11107118
11125381
11118085
11115064
25131770
25125259
25118260
25127677
25124899
12972522
12967348
12969807
12960142
17180510
17179101
17201140
17187419
17187432
9217037
9208811
9199622
9215122
20972911
20961644
20947822
20969773
20969490
20963425
20944121
20970339
24053408
24067199
24066864
24060178
24042191
24053127
26663434
26661118
26674205
16243804
16263657
7627557
21791629
21791078
21786442
21796649
21792014
21799151
21799074
21799901
8143990
21559013
21573174
21567388
21575146
21565982
26810274
26787232
26815194
26800505
26791786
26807202
17381838
17375700
17385215
16187115
16202123
16201087
16177659
25553088
25573952
25550565
25555870
25566467
25557114
25572872
10945955
10952243
10951339
10953326
10947118
10953164
20398418
20399802
20381452
20378097
20406839
20407239
12209722
12239965
12239913
12231534
12234691
23333058
23333712
23356234
23363613
23363842
23339125
23341789
23363223
12445383
12447616
12443538
12439932
12461058
12454861
19168892
19155791
19171829
19168254
19155088
11565671
11547132
11536309
11536301
11552950
11212879
11192880
11213346
11205220
11208819
10430252
10451060
10203179
10189134
21978374
21980430
21995449
21989492
21968939
21971842
21985184
21997347
21997177
15665575
15656906
15671548
15663890
15667862
16966622
16978197
16951228
16978650
16966095
16959044
16954562
16946128
9164535
9149021
9158396
9146595
17425384
26648788
26644397
26645604
26626427
26646755
8888799
24801417
24809783
24799195
24799992
24793644
24793306
27405588
27424997
27421752
27418879
27401888
20466611
20461080
20450732
20459745
20452353
20447891
25773801
25778705
25772769
25800441
25788859
25796091
18765539
18751382
23139272
23162013
27382312
27383327
12000377
11984000
12001123
24696321
22534503
22532307
22524196
22520477
23383013
23373992
23388179
23372049
23372829
23386689
22009029
22014052
22015447
22030022
22024950
22011009
22021910
22022534
22006429
12145426
12147712
12145813
23800173
23786650
23788960
23788275
23806170
20303350
10818595
10828662
10841286
17805961
17785557
7698586
7697591
7704570
26305864
26328274
26311066
26306422
11042560
11055588
11064345
11038045
10811497
10809143
10799250
10810433
10803408
10792161
16792758
16797678
16795066
25832557
25818185
25831048
25808442
25813352
22415316
22388075
22393286
22405092
16709937
25139875
25156865
25152695
25165096
25146833
25158956
25152028
25152205
25143433
25148008
25142144
25149358
21606432
21610151
21612665
25649143
25656989
25657069
25667479
25664647
25650067
19509161
19513075
19509155
19526525
19505426
19517471
19508737
19509139
19528453
15880523
15875776
24191950
24195060
27789270
27789555
27777210
27780132
12079305
27065754
27066096
27043482
27051647
27044814
27041461
27041463
27060176
27052656
27049257
27044825
9762544
18596466
18575867
18585854
18599012
18593996
16322305
25417880
25419634
25416195
25400081
15585644
15606520
15610104
15593087
15592306
15608028
9675593
23756179
23777659
23782464
23762486
23764310
9440732
9445173
17761615
17763586
18172257
18184265
18156431
18172282
18181001
10702201
10720689
10697609
19445707
19469003
19468031
19443408
19444461
19458054
21115930
21118481
21114538
21122106
21098696
21120307
21115891
15966238
15958620
15964304
15968736
15938852
18847491
18836721
16608439
23201157
23184205
23176571
23180966
24576954
24583240
24555704
24570956
24566897
19124208
19146679
19122673
19118032
19128456
19133991
12921557
12926093
12940780
12940773
12931023
12925984
26779982
26775629
26762464
26759717
26770240
26764233
26774381
19029026
19052812
19053170
19034516
19026165
19208263
19186181
19198855
19188171
19193430
19188164
19208345
19184017
19183379
17334718
17351803
17352692
25364260
25359865
25376384
11376128
11353054
11350904
11352304
11375957
24220145
24207099
24224046
24217660
24222137
8272291
17007058
17006319
16983111
17007014
16987420
22095233
22099989
22114909
22114138
20060114
20084294
20086003
20076865
20058240
20082875
18208621
18213451
18203281
18190682
18204240
17207318
17230055
17219151
9822921
9822927
9822919
9840532
9839168
21339823
21345989
21339197
21336184
20334641
20337881
20339300
19381288
19397953
19405945
19376606
11606078
25337571
25351767
25341896
25336695
25337543
25349561
17956600
17959036
17953764
17947474
26957363
26944831
26946344
26968221
26945677
26960398
26965143
10455077
10480447
10458687
10461060
10476784
10453945
10479494
10455888
25952993
25935535
25937777
20531246
20507639
20530960
20535600
20525221
20346151
20375332
18504642
18507060
18519798
18534064
18521824
9197241
9179052
9180930
21439080
21429205
21452064
21435097
21448430
21423775
21443808
12361906
12355059
12361566
11182320
11175617
11170874
11161858
19719971
19709346
19735876
19733076
19727814
19707196
21245959
21248301
21252573
21262580
21258357
21233252
21252575
21251329
25729327
17062672
17045827
8093367
25223734
25200808
25205311
25202965
25212213
25210493
26438046
26450685
26450156
23124131
23111975
21765952
21760960
21761402
26221255
26240705
26224081
26223354
26215952
26224420
26236736
26221232
23965987
23954429
23953793
23950593
23943506
23967744
23942195
23948959
15213903
15220371
15217513
15224193
14751152
14739611
14760075
14743466
14751515
14756543
14751135
22292946
22310977
22301863
22315488
22293445
22311118
22305266
22305267
9368757
9366376
9370395
26161801
26160001
26163539
26173586
26178881
26160678
26179511
25591766
25593300
25609485
25608559
25582697
9070487
9060559
24875860
24845634
24857982
24863338
24846322
24875857
24850900
24874484
16115231
16126868
16124056
16143127
22562503
22564245
22546652
26264182
26250968
26263387
26253305
26251638
26272063
26253838
26269347
26272275
22945336
22967087
22954457
16565569
16567167
9950994
17261983
17266684
17256749
17241873
17236862
17240035
15057969
15064971
15064627
15057748
15073856
10602776
24654541
24681874
24658320
24667108
24658599
24666614
24670249
24670244
26493107
26479129
26467212
26472028
26476745
26470716
26463477
26490423
21325288
21296132
21319196
21324396
21323963
23858098
23859481
23864224
23877747
23871989
23850473
23851436
25840959
25861953
19240654
19233916
19237633
19237173
19226377
19216755
19228369
19240372
25755833
25755696
25767399
25742468
25761998
25765855
10030268
24890041
24889555
24879590
24898425
24884809
24898159
24902788
24906951
26880099
26907477
26885028
26884725
26884942
26979394
27003026
26988436
26998897
21966542
21949834
21948356
21961478
21954225
18355840
18375498
18358096
18361427
18364113
18347187
19945467
19941080
19960010
19950209
19948976
19937597
20480521
20476886
20486847
20483005
20488473
20497575
23211021
23216744
23218803
23207172
23211317
9886595
9887230
12686851
12680200
12658736
21683992
21698151
21699775
21692053
21692052
21704587
21704588
20883140
20886540
20868483
20877721
20883273
20888270
20858271
20872968
20886113
20862247
21617174
21619452
21624110
21642861
21642621
21620450
21615716
21619678
20691072
20682175
20685028
20675358
20682711
20673333
20683949
23999197
24004452
23999713
24004025
16168113
26915871
26918730
26920131
26935926
22609312
22606351
22585994
22610972
22588438
22609129
27364124
27345657
27342962
27338241
27338072
21933400
21933556
21903770
21915269
21933852
21917650
24548858
24526307
24548601
19409917
19410283
19435525
19414363
19421758
19432969
25179429
25189356
12811209
12788532
12796400
12793902
21858089
21865658
21840613
21863032
21847388
21849299
21868512
11752813
11728682
11737306
11752901
11751496
11733961
11753042
11745235
19309490
19305423
19304334
8826941
8827714
22815056
22839103
22818625
22811811
22805008
22840462
22814241
16818696
16839413
16823179
8041120
12397277
12390669
12386920
11440440
11462152
11459200
11448907
11453404
11451203
8194705
